0010111001. (331

1110 100 549, 15 ¹ 50110001110111101110111101111111600,
01001110 Basilii 150 11, 515, 19 00.
0011101 111011101105,4. 1101110111- Balbini 101710111110453, 10
1071110111111095,11. ¹ 511100000011171011014069,Β.
1100181001010111111555, 19 1111111111111171,ι4.
00110011117005011110544,00.510111 01 1110110501 111010751501011
4000410019001111001711010 510 7 occisi poenas 111101551,17.Ἰ
0916015010000010165 00. baptimo cuivls licet necessitato
sapidum 9011011 1110111, ι cogente 454, 17.
Assyrii 0060501110 11101101 1. 50111501 101101111οεΙί011 506, 5.
astrologi 5160. ex ltalia 71101111. Β1111000110171011010 allectat 551, 5.
pti 444, ιι. 10101111 54, 19 55, 51111110 170100954410101001010
1 01000 es i .
00055001101010010101040,15. 110111110110100157,15.
5100561015501500117110111,111111001110111110615,5.

7 ·11111111111001110 1011110110101100101
4150011101056111111110110 1101111· 46417. ’

5010146515. 010101111ἰο ib. 501111101011010 109, 01 111, 5.’
111110110917174 0. 155, 5. Basilius 51000110 imp 11 Μ10111010
0054.009,13.564,15.355,’1001010010 0110711101 545, 9. ⁴
17.556,00.565,19 110 so 100171001011111549,16011101-
5115551531551 5515110051 111010511οο- 15511111ω57ὅ5Β 41150 55751111Β 11115511.
11011075111119117150 1017100511 1000 10011551, 5 1091110151 7
ι.3 1111111111).111101·0111 57116.

51110001161111 Augusti libidines 011116911111 tenuis 564, 5 trium·

0001001580, 4. 71501579, 5. mors 555, 5.
6110110οο007, 17.4 1111111111010001 1·’. imperium 567,
11110011011101011000110000100110 4 575, 00.

1111110715. Basilius 6101110007100111011565,
ammentum qui pisces 1111101101 14

71, οο. . 61111111111111111111115, 11. 07,10.
605901101610071111001 110011 111, 09, 11. 57, 6. 40, 5 54, 7. 56,

5.1711οι0111010701010111579,16.10.7,5 15 51, 5. 95, 15 110,

11000011111551, 16. 0101115161. 17. 154,.5 1567 141,19. 151,

nes 0001011110 360 1. morituri 15.150,16 154, 01. 155, 16.

verbs ih. 0 1011111111 dilectus 167,11. 177, 5. 150, 01. 195,

555, 115100710110100111011560 17 000, 5. 005, 10. 010, 8
1114444444 '444 ¹4. Μ 114, 4. 444 ‘4444' 4 444 44
11119011010100111006011101005501 1111111111 1161151516.
110100110011001111· 54, 11.- 111111 5011110101011000101597,5.

170111 admirandum 366,4. 1111000 1101110111 100 9011110494, 15 11717.

00000101545,10. 01110111514.
5111011101101710111110 455, 11. 50110110 0001011100 57614.
,0011001 0011000011011110101111 Bo 90101101010 haeresis 611, 14.

60,10 t · 50110150000111597,7
Auses ,101011 10101 1110101 099, 19.110110111011.15100711101111 50100111-
51011 11111101 l* (10100 017111 sss.

·,001 7. · · bovini 0171111010οη 556, 11
Boni 551, 16. ¹ 1100111901ῑί1 19117111 566, 7.
11011101550,16 . “ 1111051010οι 11110111 studiosi 457,
Babylonii 0111οο010110 iuveniores 6.οο101111111111100110059,7 111-

044, 5. sula 15.

 

