INDEX GRAMMATICUS.

W

¹ Q

6661766101 618, 3. 606, 00. 606, 6101169051 87,3.

13. 607, 11. 630. 8·
66119011111098091111 070, 9.
66εομο1101117ς501, 0.
611060086119011 10, 6.
6816010101 035, 3.
6μ9611091701130,18. 139, 9.
601171111ῑαί. 0. 69711168, 0.
0116901110057518.
606900001111061109901507, 15.
dudm& 563, 01.
6610606710109506, 19.
61106006170111 170, 3.
600986917010 1701,
0911011611066510.
6990017μο1116ςο05, 15
6970110161 169, 4.
ὀσιραιιηβόλος 603,1.
6019006967101 690, 7.
116619110ιεῖ0 88, 8
6171081ιέ610 530, 3.
90109111161611515, 18
96001016961.
616611053619
690608600101 585, 6.
717001071061063, 13 696, 5.
16 70νῆ 513, 16
6111690101 530, 10.
601161171’ 110169 515, 9·
6000161901ος 531 15.

139ομ1116 ἐκκλησία 695, 15. 696,

11611Ἣὶ66070 66ον 536, 6
5193166110 531, 6.

6111110101 50915. 563, ι7,
6119017611 ιι3, 16.
31190010911169 167, 3169, ιι.
31116966108111518, ιι.

111101611110301, 19.
ἔπιχιονίζειν 50795
1611011171601 9601 601, 8
9117990101 86 16.
6061111101 538 10
6000111160 699, 16. 500, 10. 511,
9 506, 19.
8160771011 619, 7.
8116011500, 3. 510, 18
6696ς 508, 6
60109176110111111010501 17.
67806879 508, ι.

61108 3511176, 16 622 ¹5·

116810μο 696, 6. 697, 3.
0010010110 690, 5.

11096107160171 005, 0.
καταθαλαιιίξειν 32:1-
11010011061711160657, ιο.
1101110111λοῦ0 5 7,0 10.
11010166106111600, 15.
1111611ος 511, ι.

καυλοιομιῑν 501, 0.
1160011900698, 15. 550, 8 5669
111007901166ς 698, 0.
1679011161 70, ιι.
16701790901538, 8.
1101197161 693, 5
110096919101 566, 9.

096611 566, 7

0961109519, 18. 506,10. 56,

κωμοδρόμος 500, 01.
λειψοφωιεῑν 88, 7.
3101000601165, 00.
λιθοπλίνθινος 564, 18.

7100161100376, 18.
prim 595, 19

 

