INDEX GRAMMATICUS.

“uua-t·-

1¹oe

88111788101418, 3 414, 1ο. 416, 1111117181187,3.

13.417,11.431.8·
ὀδελφοτεκνοφθορεῑν 170, 9
18610710101171501 1.
41040086114101 10, 6.
0316110101 135, 3.
187117141111711101131,18. 139, 9.
1811117110ῑαί. e. 5417111681.
01870110157518.
410401011111167107901507, 15
1311141118 543, 11.
144108οὖ711101506, 19.
111111811417011 170, 3.
411786917011 1701.
1411114411146510.
18414100177111111101115, 15.
8770110101 149, 4.
ὀσιραπηβόλος 603,1.
ἀστραπόβληιος 491, 7.

1114414111τεῖ1 88, 8
ὀ1711611ὶζειν530,3.
80110111744151518.
7141711101 498, 1.
716411153619.
βραδυθάνατος 585, 4.
717011071141143, 13 494, 5.
14 7111174 513, 14.
61147110153011,
60114171601147 515, 9
60011161 ρ,11101531 15
6407111114ρ 3111137040 495 15. 498,

141Ἤ37880711148011536ὥ.
818164111531, 8.
(111010151915543, 17.
8170171111 113, 16.
emmam& 147, 3,149, 11.
811164118108111 518, 11.

1110101111131119.
ἓπιχιονίζειν 517,5
16101117110143401601, 8
4117771101 86 16.

4118011101 538 10.
aarum 49916. 500, 11. 511,
9 516, ¹9·

8140771011 619, 7.
8140115110, 3. 510,18
4841151 508, 4.
301077811011111141511, 17
4718048717 508,1.

611118ἱ 811174, 14 611, 15
1115310710 496, 6. 497 3.
10101101111491, 5.
11048107160171 105, 1.
1111106130111411131,17.
1111100104711111145710.
1111101110111570,10.
11111011810801600,15.
11116101 511, 1.

καυλοτομεῐν 501, 2.
111101141111498, 15. 550, 8. 5659
111007701164ς 498, 1.
111771011κῶ1 70, 11.
13704771901538, 8
1101177161 493, 5.
10176417101544,9.

πρόβα 566, 7

1715114519, 18. 516,10. 547.

mitodedu& 500,11.
88384ῗὲἓὲ Ξ..
3180111181101 584, 18.
71111ιᾶ11101* 374, 18.

71141111 595, 19.

 

